#Layer_Color=32768
#
#Feature symbol names
#
$0 r1.9685
$1 r3.937
$2 r7.874

#
#Feature attribute names
#

#
#Layer features
#
L 0.0984251 2.1141732 0.1771653 2.1141732 0 P 0
L 0.0984251 2.2952756 0.1771653 2.2952756 0 P 0
L 0.1023621 2.1141732 0.1023621 2.2952756 0 P 0
L 0.1181102 2.2047244 0.1574802 2.2047244 1 P 0
L 0.1377952 2.1850393 0.1377952 2.2244094 1 P 0
L 0.1397637 0.8023622 0.1397637 1.0283464 0 P 0
L 0.1397637 0.8023622 0.3917323 0.8023622 0 P 0
L 0.1397637 1.0283464 0.3917323 1.0283464 0 P 0
L 0.1673228 1.0964567 0.1673228 1.3641732 0 P 0
L 0.1673228 1.0964567 0.5216536 1.0964567 0 P 0
L 0.1673228 1.3641732 0.5216536 1.3641732 0 P 0
L 0.1771653 2.1141732 0.1771653 2.2952756 0 P 0
L 0.242126 0.4173229 0.242126 0.4960631 0 P 0
L 0.242126 0.4173229 0.3799213 0.4173229 0 P 0
L 0.242126 0.4960631 0.3799213 0.4960631 0 P 0
L 0.246063 0.9153543 0.285433 0.9153543 1 P 0
L 0.265748 0.8956693 0.265748 0.9350393 1 P 0
L 0.2913386 0.456693 0.3307087 0.456693 1 P 0
L 0.3110237 0.437008 0.3110237 0.476378 1 P 0
L 0.3120866 2.010118 0.3120866 2.1361023 0 P 0
L 0.3120866 2.010118 0.4341338 2.010118 0 P 0
L 0.3120866 2.1361023 0.4341338 2.1361023 0 P 0
L 0.3248032 1.2303149 0.3641733 1.2303149 1 P 0
L 0.3444882 1.2106299 0.3444882 1.25 1 P 0
L 0.3534252 2.0731102 0.3927953 2.0731102 1 P 0
L 0.3731102 2.0534251 0.3731102 2.0927952 1 P 0
L 0.3740156 1.6633858 0.3740156 1.7224409 0 P 0
L 0.3740156 1.6633858 0.4921259 1.6633858 0 P 0
L 0.3740156 1.7224409 0.4921259 1.7224409 0 P 0
L 0.3799213 0.4173229 0.3799213 0.4960631 0 P 0
L 0.3917323 0.8023622 0.3917323 1.0283464 0 P 0
L 0.4074802 0.3759843 0.4074802 0.4822835 0 P 0
L 0.4074802 0.3759843 0.4665353 0.3759843 0 P 0
L 0.4074802 0.4822835 0.4665353 0.4822835 0 P 0
L 0.4143699 1.6929133 0.4517715 1.6929133 0 P 0
L 0.418307 0.4291339 0.4557085 0.4291339 1 P 0
L 0.4330707 1.6742126 0.4330707 1.7116141 0 P 0
L 0.4341338 2.010118 0.4341338 2.1361023 0 P 0
L 0.4370077 0.4104331 0.4370077 0.4478347 1 P 0
L 0.4635827 2.0090551 0.4635827 2.1271654 0 P 0
L 0.4635827 2.0090551 0.5226378 2.0090551 0 P 0
L 0.4635827 2.1271654 0.5226378 2.1271654 0 P 0
L 0.4665353 0.3759843 0.4665353 0.4822835 0 P 0
L 0.4744095 2.0681103 0.511811 2.0681103 0 P 0
L 0.4763779 0.6889763 0.4763779 1.0433071 0 P 0
L 0.4763779 0.6889763 0.7440944 0.6889763 0 P 0
L 0.4763779 1.0433071 0.7440944 1.0433071 0 P 0
L 0.4921259 1.6633858 0.4921259 1.7224409 0 P 0
L 0.4931102 2.0494095 0.4931102 2.0868111 0 P 0
L 0.5216536 1.0964567 0.5216536 1.3641732 0 P 0
L 0.5226378 2.0090551 0.5226378 2.1271654 0 P 0
L 0.539055 2.0085827 0.539055 2.0676378 0 P 0
L 0.539055 2.0085827 0.6571653 2.0085827 0 P 0
L 0.539055 2.0676378 0.6571653 2.0676378 0 P 0
L 0.5794093 2.0381102 0.6168109 2.0381102 0 P 0
L 0.5905511 0.8661417 0.6299212 0.8661417 1 P 0
L 0.5981101 2.0194095 0.5981101 2.056811 0 P 0
L 0.6042913 1.251063 0.6042913 1.8691732 0 P 0
L 0.6042913 1.251063 1.0373621 1.251063 0 P 0
L 0.6042913 1.8691732 1.0373621 1.8691732 0 P 0
L 0.6102362 0.8464567 0.6102362 0.8858268 1 P 0
L 0.6571653 2.0085827 0.6571653 2.0676378 0 P 0
L 0.6988188 2.4606298 0.6988188 2.5787401 0 P 0
L 0.6988188 2.4606298 0.7578739 2.4606298 0 P 0
L 0.6988188 2.5787401 0.7578739 2.5787401 0 P 0
L 0.7096456 2.5196849 0.7470471 2.5196849 0 P 0
L 0.7283464 2.5009841 0.7283464 2.5383857 0 P 0
L 0.7440944 0.6889763 0.7440944 1.0433071 0 P 0
L 0.7551181 1.9353543 0.7551181 2.2188189 0 P 0
L 0.7551181 1.9353543 1.0937007 1.9353543 0 P 0
L 0.7551181 2.2188189 1.0937007 2.2188189 0 P 0
L 0.7578739 2.4606298 0.7578739 2.5787401 0 P 0
L 0.7598425 0.3759842 0.7598425 0.4350393 0 P 0
L 0.7598425 0.3759842 0.8661417 0.3759842 0 P 0
L 0.7598425 0.4350393 0.8661417 0.4350393 0 P 0
L 0.7814959 2.2968504 0.7814959 3.0444882 2 P 0
L 0.7814959 2.2968504 1.5492125 2.2968504 2 P 0
L 0.7814959 3.0444882 1.5492125 3.0444882 2 P 0
L 0.7834645 0.6968504 0.7834645 1.035433 0 P 0
L 0.7834645 0.6968504 1.0669291 0.6968504 0 P 0
L 0.7834645 1.035433 1.0669291 1.035433 0 P 0
L 0.7912991 1.1073621 0.7912991 1.2254724 0 P 0
L 0.7912991 1.1073621 0.8503542 1.1073621 0 P 0
L 0.7912991 1.2254724 0.8503542 1.2254724 0 P 0
L 0.7942913 0.4055118 0.8316929 0.4055118 1 P 0
L 0.8011417 1.5601181 0.8405117 1.5601181 1 P 0
L 0.8021259 1.1664172 0.8395274 1.1664172 0 P 0
L 0.8070866 0.5492125 0.8070866 0.6082676 0 P 0
L 0.8070866 0.5492125 0.9251969 0.5492125 0 P 0
L 0.8070866 0.6082676 0.9251969 0.6082676 0 P 0
L 0.8070866 0.6122046 0.8070866 0.6712597 0 P 0
L 0.8070866 0.6122046 0.9251969 0.6122046 0 P 0
L 0.8070866 0.6712597 0.9251969 0.6712597 0 P 0
L 0.8129921 0.386811 0.8129921 0.4242125 1 P 0
L 0.8208267 1.1477164 0.8208267 1.185118 0 P 0
L 0.8208267 1.5404331 0.8208267 1.5798031 1 P 0
L 0.847441 0.5787401 0.8848426 0.5787401 0 P 0
L 0.847441 0.6417322 0.8848426 0.6417322 0 P 0
L 0.8503542 1.1073621 0.8503542 1.2254724 0 P 0
L 0.8661417 0.3759842 0.8661417 0.4350393 0 P 0
L 0.8661418 0.5600393 0.8661418 0.5974408 0 P 0
L 0.8661418 0.6230314 0.8661418 0.6604329 0 P 0
L 0.8897243 1.1073621 0.8897243 1.2254724 0 P 0
L 0.8897243 1.1073621 0.9487794 1.1073621 0 P 0
L 0.8897243 1.2254724 0.9487794 1.2254724 0 P 0
L 0.9005511 1.1664172 0.9379526 1.1664172 0 P 0
L 0.9047244 2.0770866 0.9440945 2.0770866 1 P 0
L 0.9055118 0.8661417 0.9448819 0.8661417 1 P 0
L 0.9171652 0.3976377 0.9171652 0.515748 0 P 0
L 0.9171652 0.3976377 0.9762203 0.3976377 0 P 0
L 0.9171652 0.515748 0.9762203 0.515748 0 P 0
L 0.9192519 1.1477164 0.9192519 1.185118 0 P 0
L 0.9244094 2.0574016 0.9244094 2.0967717 1 P 0
L 0.9251968 0.8464566 0.9251968 0.8858267 1 P 0
L 0.9251969 0.5492125 0.9251969 0.6082676 0 P 0
L 0.9251969 0.6122046 0.9251969 0.6712597 0 P 0
L 0.927992 0.4566928 0.9653935 0.4566928 0 P 0
L 0.9466928 0.437992 0.9466928 0.4753936 0 P 0
L 0.9487794 1.1073621 0.9487794 1.2254724 0 P 0
L 0.9762203 0.3976377 0.9762203 0.515748 0 P 0
L 0.9919685 0.3976378 0.9919685 0.5157481 0 P 0
L 0.9919685 0.3976378 1.0510236 0.3976378 0 P 0
L 0.9919685 0.5157481 1.0510236 0.5157481 0 P 0
L 1.0027953 0.456693 1.0401968 0.456693 0 P 0
L 1.021496 0.4379922 1.021496 0.4753938 0 P 0
L 1.0373621 1.251063 1.0373621 1.8691732 0 P 0
L 1.0510236 0.3976378 1.0510236 0.5157481 0 P 0
L 1.0669291 0.6968504 1.0669291 1.035433 0 P 0
L 1.0767716 0.3976378 1.0767716 0.5157481 0 P 0
L 1.0767716 0.3976378 1.1358267 0.3976378 0 P 0
L 1.0767716 0.5157481 1.1358267 0.5157481 0 P 0
L 1.0875984 0.456693 1.1249999 0.456693 0 P 0
L 1.0937007 1.9353543 1.0937007 2.2188189 0 P 0
L 1.1062991 0.4379922 1.1062991 0.4753938 0 P 0
L 1.1358267 0.3976378 1.1358267 0.5157481 0 P 0
L 1.1456692 2.5433071 1.1850392 2.5433071 1 P 0
L 1.1535826 2.039055 1.1535826 2.1571653 0 P 0
L 1.1535826 2.039055 1.2126377 2.039055 0 P 0
L 1.1535826 2.1571653 1.2126377 2.1571653 0 P 0
L 1.153819 1.9057873 1.153819 2.0157873 0 P 0
L 1.153819 1.9057873 1.2128741 1.9057873 0 P 0
L 1.153819 2.0157873 1.2128741 2.0157873 0 P 0
L 1.1644094 2.0981101 1.2018109 2.0981101 0 P 0
L 1.1646457 1.9607873 1.2020473 1.9607873 1 P 0
L 1.1653542 2.5236221 1.1653542 2.5629921 1 P 0
L 1.1771653 1.0492125 1.1771653 1.3326771 0 P 0
L 1.1771653 1.0492125 1.519685 1.0492125 0 P 0
L 1.1771653 1.3326771 1.519685 1.3326771 0 P 0
L 1.1831102 2.0794093 1.1831102 2.1168109 0 P 0
L 1.1833465 1.9420866 1.1833465 1.9794881 1 P 0
L 1.1892913 0.702559 1.1892913 0.9860236 0 P 0
L 1.1892913 0.702559 1.5278739 0.702559 0 P 0
L 1.1892913 0.9860236 1.5278739 0.9860236 0 P 0
L 1.2126377 2.039055 1.2126377 2.1571653 0 P 0
L 1.2128741 1.9057873 1.2128741 2.0157873 0 P 0
L 1.2266534 0.1208661 1.2266534 0.3728347 0 P 0
L 1.2266534 0.1208661 1.4526376 0.1208661 0 P 0
L 1.2266534 0.3728347 1.4526376 0.3728347 0 P 0
L 1.2385826 1.899055 1.2385826 2.0171653 0 P 0
L 1.2385826 1.899055 1.2976377 1.899055 0 P 0
L 1.2385826 2.0171653 1.2976377 2.0171653 0 P 0
L 1.2490943 0.3925197 1.2490943 0.4712599 0 P 0
L 1.2490943 0.3964567 1.4301967 0.3964567 0 P 0
L 1.2490943 0.4712599 1.4301967 0.4712599 0 P 0
L 1.2494094 1.9581101 1.2868109 1.9581101 0 P 0
L 1.2681102 1.9394093 1.2681102 1.9768109 0 P 0
L 1.2976377 1.899055 1.2976377 2.0171653 0 P 0
L 1.3112992 1.8997636 1.3112992 2.0178739 0 P 0
L 1.3112992 1.8997636 1.3703543 1.8997636 0 P 0
L 1.3112992 2.0178739 1.3703543 2.0178739 0 P 0
L 1.3199605 0.2468504 1.3593305 0.2468504 1 P 0
L 1.3199605 0.4318898 1.3593306 0.4318898 1 P 0
L 1.322126 1.9588187 1.3595275 1.9588187 0 P 0
L 1.3287401 1.1909448 1.3681102 1.1909448 1 P 0
L 1.3388976 0.8442913 1.3782677 0.8442913 1 P 0
L 1.3396455 0.2271654 1.3396455 0.2665354 1 P 0
L 1.3396455 0.4122048 1.3396455 0.4515748 1 P 0
L 1.3408268 1.9401179 1.3408268 1.9775195 0 P 0
L 1.3484252 1.1712597 1.3484252 1.2106298 1 P 0
L 1.3585826 0.8246063 1.3585826 0.8639764 1 P 0
L 1.3703543 1.8997636 1.3703543 2.0178739 0 P 0
L 1.3945275 1.8091338 1.3945275 2.1004724 0 P 0
L 1.3945275 1.8091338 1.7924015 1.8091338 0 P 0
L 1.3945275 2.1004724 1.7924015 2.1004724 0 P 0
L 1.4301967 0.3925197 1.4301967 0.4712599 0 P 0
L 1.4526376 0.1208661 1.4526376 0.3728347 0 P 0
L 1.4833463 0.5145668 1.4833463 0.6326771 0 P 0
L 1.4833463 0.5145668 1.5424014 0.5145668 0 P 0
L 1.4833463 0.6326771 1.5424014 0.6326771 0 P 0
L 1.4853148 0.2084645 1.4853148 0.5057086 0 P 0
L 1.4853148 0.2084645 1.6900392 0.2084645 0 P 0
L 1.4853148 0.5057086 1.6900392 0.5057086 0 P 0
L 1.4941731 0.5736219 1.5315746 0.5736219 0 P 0
L 1.5128739 0.5549211 1.5128739 0.5923227 0 P 0
L 1.519685 1.0492125 1.519685 1.3326771 0 P 0
L 1.5255905 1.6929133 1.5255905 1.7519684 0 P 0
L 1.5255905 1.6929133 1.6437008 1.6929133 0 P 0
L 1.5255905 1.7519684 1.6437008 1.7519684 0 P 0
L 1.5278739 0.702559 1.5278739 0.9860236 0 P 0
L 1.535433 1.0925196 1.535433 1.2106299 0 P 0
L 1.535433 1.0925196 1.5944881 1.0925196 0 P 0
L 1.535433 1.2106299 1.5944881 1.2106299 0 P 0
L 1.5424014 0.5145668 1.5424014 0.6326771 0 P 0
L 1.5462598 1.1515747 1.5836613 1.1515747 0 P 0
L 1.5483071 0.5362204 1.5483071 0.5952755 0 P 0
L 1.5483071 0.5362204 1.6664174 0.5362204 0 P 0
L 1.5483071 0.5952755 1.6664174 0.5952755 0 P 0
L 1.5492125 2.2968504 1.5492125 3.0444882 2 P 0
L 1.5631102 1.9531102 1.6231102 1.9531102 0 P 0
L 1.5649606 1.1328739 1.5649606 1.1702755 0 P 0
L 1.5659449 1.7224409 1.6033465 1.7224409 0 P 0
L 1.567992 0.3570866 1.607362 0.3570866 1 P 0
L 1.5846457 1.7037401 1.5846457 1.7411416 0 P 0
L 1.587677 0.3374015 1.587677 0.3767716 1 P 0
L 1.5886615 0.565748 1.6260631 0.565748 0 P 0
L 1.5931102 1.9231102 1.5931102 1.9831102 0 P 0
L 1.5944881 1.0925196 1.5944881 1.2106299 0 P 0
L 1.6073623 0.5470472 1.6073623 0.5844487 0 P 0
L 1.6279526 2.2968504 1.6279526 3.0444882 2 P 0
L 1.6279526 2.2968504 2.3956692 2.2968504 2 P 0
L 1.6279526 3.0444882 2.3956692 3.0444882 2 P 0
L 1.6299212 2.222441 1.6299212 2.2814961 0 P 0
L 1.6299212 2.222441 1.7480315 2.222441 0 P 0
L 1.6299212 2.2814961 1.7480315 2.2814961 0 P 0
L 1.6437008 1.6929133 1.6437008 1.7519684 0 P 0
L 1.6664174 0.5362204 1.6664174 0.5952755 0 P 0
L 1.6702755 2.2519685 1.7076771 2.2519685 0 P 0
L 1.6889763 2.2332678 1.6889763 2.2706693 0 P 0
L 1.6900392 0.2084645 1.6900392 0.5057086 0 P 0
L 1.7480315 2.222441 1.7480315 2.2814961 0 P 0
L 1.7924015 1.8091338 1.7924015 2.1004724 0 P 0
L 1.8208661 0.3976378 1.8208661 0.5157481 0 P 0
L 1.8208661 0.3976378 1.8799212 0.3976378 0 P 0
L 1.8208661 0.5157481 1.8799212 0.5157481 0 P 0
L 1.8316929 0.456693 1.8690944 0.456693 0 P 0
L 1.8503936 0.4379922 1.8503936 0.4753938 0 P 0
L 1.8799212 0.3976378 1.8799212 0.5157481 0 P 0
L 1.8838582 1.1555116 1.8838582 1.836614 0 P 0
L 1.8838582 1.1555116 2.5649606 1.1555116 0 P 0
L 1.8838582 1.836614 2.5649606 1.836614 0 P 0
L 1.9035431 0.3976377 1.9035431 0.515748 0 P 0
L 1.9035431 0.3976377 1.9625982 0.3976377 0 P 0
L 1.9035431 0.515748 1.9625982 0.515748 0 P 0
L 1.9035433 1.8700786 1.9035433 1.9881889 0 P 0
L 1.9035433 1.8700786 1.9625984 1.8700786 0 P 0
L 1.9035433 1.9881889 1.9625984 1.9881889 0 P 0
L 1.9143699 0.4566928 1.9517714 0.4566928 0 P 0
L 1.9143701 1.9291338 1.9517716 1.9291338 0 P 0
L 1.9330707 0.437992 1.9330707 0.4753936 0 P 0
L 1.9330708 1.910433 1.9330708 1.9478346 0 P 0
L 1.9384252 1.0857874 1.9384252 1.1448425 0 P 0
L 1.9384252 1.0857874 2.0565355 1.0857874 0 P 0
L 1.9384252 1.1448425 2.0565355 1.1448425 0 P 0
L 1.9625982 0.3976377 1.9625982 0.515748 0 P 0
L 1.9625984 1.8700786 1.9625984 1.9881889 0 P 0
L 1.9787795 1.1153149 2.0161811 1.1153149 0 P 0
L 1.9862204 0.3976378 1.9862204 0.5157481 0 P 0
L 1.9862204 0.3976378 2.0452755 0.3976378 0 P 0
L 1.9862204 0.5157481 2.0452755 0.5157481 0 P 0
L 1.9921259 2.5433071 2.0314959 2.5433071 1 P 0
L 1.9970472 0.456693 2.0344487 0.456693 0 P 0
L 1.9974803 1.0966142 1.9974803 1.1340157 0 P 0
L 1.9980315 1.8759841 1.9980315 1.9744093 0 P 0
L 1.9980315 1.8759841 2.1200787 1.8759841 0 P 0
L 1.9980315 1.9744093 2.1200787 1.9744093 0 P 0
L 2.0118109 2.5236221 2.0118109 2.5629921 1 P 0
L 2.0157479 0.4379922 2.0157479 0.4753938 0 P 0
L 2.0393701 1.9251967 2.0787401 1.9251967 1 P 0
L 2.0452755 0.3976378 2.0452755 0.5157481 0 P 0
L 2.0565355 1.0857874 2.0565355 1.1448425 0 P 0
L 2.0590551 1.9055117 2.0590551 1.9448817 1 P 0
L 2.0649607 2.0157479 2.0649607 2.1338582 0 P 0
L 2.0649607 2.0157479 2.1240158 2.0157479 0 P 0
L 2.0649607 2.1338582 2.1240158 2.1338582 0 P 0
L 2.0757875 2.0748031 2.113189 2.0748031 0 P 0
L 2.0944882 2.0561023 2.0944882 2.0935039 0 P 0
L 2.1200787 1.8759841 2.1200787 1.9744093 0 P 0
L 2.1240158 2.0157479 2.1240158 2.1338582 0 P 0
L 2.1574802 0.9940944 2.1574802 1.1318897 0 P 0
L 2.1574802 0.9940944 2.2362204 0.9940944 0 P 0
L 2.1574802 1.1318897 2.2362204 1.1318897 0 P 0
L 2.1574803 1.8661416 2.1574803 1.9842519 0 P 0
L 2.1574803 1.8661416 2.2165354 1.8661416 0 P 0
L 2.1574803 1.9842519 2.2165354 1.9842519 0 P 0
L 2.1597243 0.1208661 2.1597243 0.3728347 0 P 0
L 2.1597243 0.1208661 2.3857085 0.1208661 0 P 0
L 2.1597243 0.3728347 2.3857085 0.3728347 0 P 0
L 2.1683071 1.9251968 2.2057086 1.9251968 0 P 0
L 2.1771653 1.0629921 2.2165353 1.0629921 1 P 0
L 2.1821652 0.3925197 2.1821652 0.4712599 0 P 0
L 2.1821652 0.3964567 2.3632676 0.3964567 0 P 0
L 2.1821652 0.4712599 2.3632676 0.4712599 0 P 0
L 2.1870078 1.906496 2.1870078 1.9438976 0 P 0
L 2.1968503 1.043307 2.1968503 1.0826771 1 P 0
L 2.2047244 1.4960628 2.2440944 1.4960628 1 P 0
L 2.2165354 1.8661416 2.2165354 1.9842519 0 P 0
L 2.2244094 1.4763778 2.2244094 1.5157478 1 P 0
L 2.2322836 1.8641731 2.2322836 1.9822834 0 P 0
L 2.2322836 1.8641731 2.2913387 1.8641731 0 P 0
L 2.2322836 1.9822834 2.2913387 1.9822834 0 P 0
L 2.2362204 0.9940944 2.2362204 1.1318897 0 P 0
L 2.2431104 1.9232283 2.2805119 1.9232283 0 P 0
L 2.2530314 0.2468504 2.2924014 0.2468504 1 P 0
L 2.2530314 0.4318898 2.2924015 0.4318898 1 P 0
L 2.2618111 1.9045275 2.2618111 1.9419291 0 P 0
L 2.2637794 0.9940944 2.2637794 1.1318897 0 P 0
L 2.2637794 0.9940944 2.3425196 0.9940944 0 P 0
L 2.2637794 1.1318897 2.3425196 1.1318897 0 P 0
L 2.2727164 0.2271654 2.2727164 0.2665354 1 P 0
L 2.2727164 0.4122048 2.2727164 0.4515748 1 P 0
L 2.2834645 1.0629921 2.3228345 1.0629921 1 P 0
L 2.2913387 1.8641731 2.2913387 1.9822834 0 P 0
L 2.2985827 1.8640551 2.2985827 1.9821654 0 P 0
L 2.2985827 1.8640551 2.3576378 1.8640551 0 P 0
L 2.2985827 1.9821654 2.3576378 1.9821654 0 P 0
L 2.3031495 1.043307 2.3031495 1.0826771 1 P 0
L 2.3094095 1.9231103 2.346811 1.9231103 0 P 0
L 2.3281102 1.9044095 2.3281102 1.9418111 0 P 0
L 2.3425196 0.9940944 2.3425196 1.1318897 0 P 0
L 2.3576378 1.8640551 2.3576378 1.9821654 0 P 0
L 2.3632676 0.3925197 2.3632676 0.4712599 0 P 0
L 2.3641733 1.8661416 2.3641733 1.9842519 0 P 0
L 2.3641733 1.8661416 2.4232284 1.8661416 0 P 0
L 2.3641733 1.9842519 2.4232284 1.9842519 0 P 0
L 2.3750001 1.9251968 2.4124016 1.9251968 0 P 0
L 2.3857085 0.1208661 2.3857085 0.3728347 0 P 0
L 2.3937008 1.906496 2.3937008 1.9438976 0 P 0
L 2.3956692 2.2968504 2.3956692 3.0444882 2 P 0
L 2.4031101 1.004055 2.4031101 1.1221653 0 P 0
L 2.4031101 1.004055 2.4621652 1.004055 0 P 0
L 2.4031101 1.1221653 2.4621652 1.1221653 0 P 0
L 2.4139369 1.0631101 2.4513384 1.0631101 0 P 0
L 2.4203542 0.5145668 2.4203542 0.6326771 0 P 0
L 2.4203542 0.5145668 2.4794093 0.5145668 0 P 0
L 2.4203542 0.6326771 2.4794093 0.6326771 0 P 0
L 2.4223227 0.2084645 2.4223227 0.5057086 0 P 0
L 2.4223227 0.2084645 2.6270471 0.2084645 0 P 0
L 2.4223227 0.5057086 2.6270471 0.5057086 0 P 0
L 2.4232284 1.8661416 2.4232284 1.9842519 0 P 0
L 2.431181 0.5736219 2.4685825 0.5736219 0 P 0
L 2.4326377 1.0444093 2.4326377 1.0818109 0 P 0
L 2.4357087 1.8611811 2.4357087 1.9950394 0 P 0
L 2.4357087 1.8611811 2.5105118 1.8611811 0 P 0
L 2.4357087 1.9950394 2.5105118 1.9950394 0 P 0
L 2.4498818 0.5549211 2.4498818 0.5923227 0 P 0
L 2.4534252 1.9281102 2.4927953 1.9281102 1 P 0
L 2.4621652 1.004055 2.4621652 1.1221653 0 P 0
L 2.4731102 1.9084252 2.4731102 1.9477953 1 P 0
L 2.4794093 0.5145668 2.4794093 0.6326771 0 P 0
L 2.4853149 0.5362204 2.4853149 0.5952755 0 P 0
L 2.4853149 0.5362204 2.6034252 0.5362204 0 P 0
L 2.4853149 0.5952755 2.6034252 0.5952755 0 P 0
L 2.5049999 0.3570866 2.5443699 0.3570866 1 P 0
L 2.5105118 1.8611811 2.5105118 1.9950394 0 P 0
L 2.5246849 0.3374015 2.5246849 0.3767716 1 P 0
L 2.5256693 0.565748 2.5630709 0.565748 0 P 0
L 2.5257087 1.8611811 2.5257087 1.9950394 0 P 0
L 2.5257087 1.8611811 2.6005118 1.8611811 0 P 0
L 2.5257087 1.9950394 2.6005118 1.9950394 0 P 0
L 2.5434252 1.9281102 2.5827953 1.9281102 1 P 0
L 2.5443701 0.5470472 2.5443701 0.5844487 0 P 0
L 2.5631102 1.9084252 2.5631102 1.9477953 1 P 0
L 2.5649606 1.1555116 2.5649606 1.836614 0 P 0
L 2.5925196 1.5334645 2.5925196 1.6082676 0 P 0
L 2.5925196 1.5334645 2.7263779 1.5334645 0 P 0
L 2.5925196 1.6082676 2.7263779 1.6082676 0 P 0
L 2.6005118 1.8611811 2.6005118 1.9950394 0 P 0
L 2.6034252 0.5362204 2.6034252 0.5952755 0 P 0
L 2.6135039 1.683937 2.6135039 1.9122834 0 P 0
L 2.6135039 1.683937 2.9127165 1.683937 0 P 0
L 2.6135039 1.9122834 2.9127165 1.9122834 0 P 0
L 2.6270471 0.2084645 2.6270471 0.5057086 0 P 0
L 2.6397637 1.570866 2.6791338 1.570866 1 P 0
L 2.6594488 1.551181 2.6594488 1.5905511 1 P 0
L 2.7263779 1.5334645 2.7263779 1.6082676 0 P 0
L 2.7303148 0.3937008 2.7303148 0.5118111 0 P 0
L 2.7303148 0.3937008 2.7893699 0.3937008 0 P 0
L 2.7303148 0.5118111 2.7893699 0.5118111 0 P 0
L 2.7411416 0.452756 2.7785431 0.452756 0 P 0
L 2.7434252 1.7981102 2.7827953 1.7981102 1 P 0
L 2.7598423 0.4340552 2.7598423 0.4714568 0 P 0
L 2.7631102 1.7784252 2.7631102 1.8177953 1 P 0
L 2.777559 1.4133857 2.777559 1.531496 0 P 0
L 2.777559 1.4133857 2.8366141 1.4133857 0 P 0
L 2.777559 1.531496 2.8366141 1.531496 0 P 0
L 2.7814959 1.2992123 2.7814959 1.4055116 0 P 0
L 2.7814959 1.2992123 2.9232282 1.2992123 0 P 0
L 2.7814959 1.4055116 2.9232282 1.4055116 0 P 0
L 2.7883858 1.4724409 2.8257873 1.4724409 0 P 0
L 2.7893699 0.3937008 2.7893699 0.5118111 0 P 0
L 2.8051179 0.3937007 2.8051179 0.511811 0 P 0
L 2.8051179 0.3937007 2.864173 0.3937007 0 P 0
L 2.8051179 0.511811 2.864173 0.511811 0 P 0
L 2.8070865 1.4537401 2.8070865 1.4911417 0 P 0
L 2.8159447 0.4527558 2.8533462 0.4527558 0 P 0
L 2.832677 1.352362 2.8720471 1.352362 1 P 0
L 2.8346455 0.434055 2.8346455 0.4714566 0 P 0
L 2.8366141 1.4133857 2.8366141 1.531496 0 P 0
L 2.8523621 1.3326769 2.8523621 1.372047 1 P 0
L 2.864173 0.3937007 2.864173 0.511811 0 P 0
L 2.8838581 0.3937008 2.8838581 0.5118111 0 P 0
L 2.8838581 0.3937008 2.9429132 0.3937008 0 P 0
L 2.8838581 0.5118111 2.9429132 0.5118111 0 P 0
L 2.8946849 0.452756 2.9320864 0.452756 0 P 0
L 2.9127165 1.683937 2.9127165 1.9122834 0 P 0
L 2.9133856 0.4340552 2.9133856 0.4714568 0 P 0
L 2.9232282 1.2992123 2.9232282 1.4055116 0 P 0
L 2.9429132 0.3937008 2.9429132 0.5118111 0 P 0
L 3.031496 1.5452755 3.031496 1.6043306 0 P 0
L 3.031496 1.5452755 3.1496063 1.5452755 0 P 0
L 3.031496 1.6043306 3.1496063 1.6043306 0 P 0
L 3.0718504 1.5748031 3.109252 1.5748031 0 P 0
L 3.0807086 0.8838582 3.0807086 1.0649606 0 P 0
L 3.0807086 0.8838582 3.1594488 0.8838582 0 P 0
L 3.0807086 1.0649606 3.1594488 1.0649606 0 P 0
L 3.0849211 0.1208661 3.0849211 0.3728347 0 P 0
L 3.0849211 0.1208661 3.3109053 0.1208661 0 P 0
L 3.0849211 0.3728347 3.3109053 0.3728347 0 P 0
L 3.0905512 1.5561023 3.0905512 1.5935038 0 P 0
L 3.1003937 0.9744094 3.1397637 0.9744094 1 P 0
L 3.107362 0.3925197 3.107362 0.4712599 0 P 0
L 3.107362 0.3964567 3.2884644 0.3964567 0 P 0
L 3.107362 0.4712599 3.2884644 0.4712599 0 P 0
L 3.1200787 0.9547244 3.1200787 0.9940945 1 P 0
L 3.1496063 1.5452755 3.1496063 1.6043306 0 P 0
L 3.1555118 0.8838582 3.1555118 1.0649606 0 P 0
L 3.1782282 0.2468504 3.2175982 0.2468504 1 P 0
L 3.1782282 0.4318898 3.2175983 0.4318898 1 P 0
L 3.1979132 0.2271654 3.1979132 0.2665354 1 P 0
L 3.1979132 0.4122048 3.1979132 0.4515748 1 P 0
L 3.2007873 0.6535434 3.2007873 1.2913386 0 P 0
L 3.2007873 0.6535434 4.074803 0.6535434 0 P 0
L 3.2007873 1.2913386 4.074803 1.2913386 0 P 0
L 3.2884644 0.3925197 3.2884644 0.4712599 0 P 0
L 3.3109053 0.1208661 3.3109053 0.3728347 0 P 0
L 3.337677 0.5145668 3.337677 0.6326771 0 P 0
L 3.337677 0.5145668 3.3967321 0.5145668 0 P 0
L 3.337677 0.6326771 3.3967321 0.6326771 0 P 0
L 3.3396455 0.2084645 3.3396455 0.5057086 0 P 0
L 3.3396455 0.2084645 3.5443699 0.2084645 0 P 0
L 3.3396455 0.5057086 3.5443699 0.5057086 0 P 0
L 3.3485038 0.5736219 3.3859053 0.5736219 0 P 0
L 3.3672046 0.5549211 3.3672046 0.5923227 0 P 0
L 3.3967321 0.5145668 3.3967321 0.6326771 0 P 0
L 3.4026378 0.5362204 3.4026378 0.5952755 0 P 0
L 3.4026378 0.5362204 3.5207481 0.5362204 0 P 0
L 3.4026378 0.5952755 3.5207481 0.5952755 0 P 0
L 3.4223227 0.3570866 3.4616927 0.3570866 1 P 0
L 3.4420077 0.3374015 3.4420077 0.3767716 1 P 0
L 3.4429922 0.565748 3.4803938 0.565748 0 P 0
L 3.461693 0.5470472 3.461693 0.5844487 0 P 0
L 3.5207481 0.5362204 3.5207481 0.5952755 0 P 0
L 3.5443699 0.2084645 3.5443699 0.5057086 0 P 0
L 3.5728346 2.3818896 3.5728346 2.4999999 0 P 0
L 3.5728346 2.3818896 3.6318897 2.3818896 0 P 0
L 3.5728346 2.4999999 3.6318897 2.4999999 0 P 0
L 3.5836614 2.4409447 3.6210629 2.4409447 0 P 0
L 3.6023622 2.4222439 3.6023622 2.4596455 0 P 0
L 3.6181101 0.972441 3.6574801 0.972441 1 P 0
L 3.6290158 0.3976378 3.6290158 0.5157481 0 P 0
L 3.6290158 0.3976378 3.6880709 0.3976378 0 P 0
L 3.6290158 0.5157481 3.6880709 0.5157481 0 P 0
L 3.6318897 2.3818896 3.6318897 2.4999999 0 P 0
L 3.6377951 0.952756 3.6377951 0.992126 1 P 0
L 3.6398426 0.456693 3.6772441 0.456693 0 P 0
L 3.6585433 0.4379922 3.6585433 0.4753938 0 P 0
L 3.6712598 2.3720472 3.6712598 2.5787401 2 P 0
L 3.6712598 2.3720472 3.8287402 2.3720472 2 P 0
L 3.6712598 2.5787401 3.8287402 2.5787401 2 P 0
L 3.6880709 0.3976378 3.6880709 0.5157481 0 P 0
L 3.7077557 0.3976377 3.7077557 0.515748 0 P 0
L 3.7077557 0.3976377 3.7668108 0.3976377 0 P 0
L 3.7077557 0.515748 3.7668108 0.515748 0 P 0
L 3.7185825 0.4566928 3.755984 0.4566928 0 P 0
L 3.730315 2.4803149 3.769685 2.4803149 2 P 0
L 3.7372833 0.437992 3.7372833 0.4753936 0 P 0
L 3.75 2.4606299 3.75 2.4999999 2 P 0
L 3.7668108 0.3976377 3.7668108 0.515748 0 P 0
L 3.782559 0.3976378 3.782559 0.5157481 0 P 0
L 3.782559 0.3976378 3.8416141 0.3976378 0 P 0
L 3.782559 0.5157481 3.8416141 0.5157481 0 P 0
L 3.7933858 0.456693 3.8307873 0.456693 0 P 0
L 3.8120865 0.4379922 3.8120865 0.4753938 0 P 0
L 3.8287402 2.3720472 3.8287402 2.5787401 2 P 0
L 3.8416141 0.3976378 3.8416141 0.5157481 0 P 0
L 3.8523621 2.3818896 3.8523621 2.4999999 0 P 0
L 3.8523621 2.3818896 3.9114172 2.3818896 0 P 0
L 3.8523621 2.4999999 3.9114172 2.4999999 0 P 0
L 3.8631889 2.4409447 3.9005904 2.4409447 0 P 0
L 3.8818897 2.4222439 3.8818897 2.4596455 0 P 0
L 3.9114172 2.3818896 3.9114172 2.4999999 0 P 0
L 3.997559 0.3937401 3.997559 0.4724803 0 P 0
L 3.997559 0.3976771 4.1786614 0.3976771 0 P 0
L 3.997559 0.4724803 4.1786614 0.4724803 0 P 0
L 4.017992 0.1208661 4.017992 0.3728347 0 P 0
L 4.017992 0.1208661 4.2439762 0.1208661 0 P 0
L 4.017992 0.3728347 4.2439762 0.3728347 0 P 0
L 4.043307 0.5610236 4.043307 0.6200787 0 P 0
L 4.043307 0.5610236 4.1614173 0.5610236 0 P 0
L 4.043307 0.6200787 4.1614173 0.6200787 0 P 0
L 4.0433071 0.4980314 4.0433071 0.5570865 0 P 0
L 4.0433071 0.4980314 4.1614174 0.4980314 0 P 0
L 4.0433071 0.5570865 4.1614174 0.5570865 0 P 0
L 4.0684252 0.4331102 4.1077953 0.4331102 1 P 0
L 4.074803 0.6535434 4.074803 1.2913386 0 P 0
L 4.0836613 0.5905511 4.1210629 0.5905511 0 P 0
L 4.0836615 0.527559 4.1210631 0.527559 0 P 0
L 4.0881102 0.4134252 4.0881102 0.4527952 1 P 0
L 4.1023621 0.5718504 4.1023621 0.6092519 0 P 0
L 4.1023623 0.5088582 4.1023623 0.5462597 0 P 0
L 4.1112991 0.2468504 4.1506691 0.2468504 1 P 0
L 4.1309841 0.2271654 4.1309841 0.2665354 1 P 0
L 4.1338583 2.1850394 4.1338583 2.3031497 0 P 0
L 4.1338583 2.1850394 4.1929134 2.1850394 0 P 0
L 4.1338583 2.3031497 4.1929134 2.3031497 0 P 0
L 4.1342126 2.3258268 4.1342126 2.4439371 0 P 0
L 4.1342126 2.3258268 4.1932677 2.3258268 0 P 0
L 4.1342126 2.4439371 4.1932677 2.4439371 0 P 0
L 4.1351576 1.3042126 4.1351576 1.4223229 0 P 0
L 4.1351576 1.3042126 4.1942127 1.3042126 0 P 0
L 4.1351576 1.4223229 4.1942127 1.4223229 0 P 0
L 4.1355119 1.4438583 4.1355119 1.5619686 0 P 0
L 4.1355119 1.4438583 4.194567 1.4438583 0 P 0
L 4.1355119 1.5619686 4.194567 1.5619686 0 P 0
L 4.1446851 2.2440946 4.1820866 2.2440946 0 P 0
L 4.1450394 2.384882 4.1824409 2.384882 0 P 0
L 4.1459844 1.3632678 4.1833859 1.3632678 0 P 0
L 4.1463387 1.5029135 4.1837402 1.5029135 0 P 0
L 4.1614173 0.5610236 4.1614173 0.6200787 0 P 0
L 4.1614174 0.4980314 4.1614174 0.5570865 0 P 0
L 4.1633858 2.2253938 4.1633858 2.2627954 0 P 0
L 4.1637401 2.3661812 4.1637401 2.4035828 0 P 0
L 4.1646851 1.344567 4.1646851 1.3819686 0 P 0
L 4.1650394 1.4842127 4.1650394 1.5216143 0 P 0
L 4.1786614 0.3937401 4.1786614 0.4724803 0 P 0
L 4.1929134 2.1850394 4.1929134 2.3031497 0 P 0
L 4.1932677 2.3258268 4.1932677 2.4439371 0 P 0
L 4.1942127 1.3042126 4.1942127 1.4223229 0 P 0
L 4.194567 1.4438583 4.194567 1.5619686 0 P 0
L 4.2439762 0.1208661 4.2439762 0.3728347 0 P 0
L 4.2705905 0.8219291 4.2705905 1.5896457 2 P 0
L 4.2705905 0.8219291 5.0182283 0.8219291 2 P 0
L 4.2705905 1.5896457 5.0182283 1.5896457 2 P 0
L 4.2811023 1.7027559 4.2811023 2.4704725 2 P 0
L 4.2811023 1.7027559 5.0287401 1.7027559 2 P 0
L 4.2811023 2.4704725 5.0287401 2.4704725 2 P 0
L 4.2834644 0.0836614 4.2834644 0.3809055 0 P 0
L 4.2834644 0.0836614 4.4881888 0.0836614 0 P 0
L 4.2834644 0.3809055 4.4881888 0.3809055 0 P 0
L 4.3661416 0.2322835 4.4055116 0.2322835 1 P 0
L 4.3858266 0.2125984 4.3858266 0.2519685 1 P 0
L 4.4015747 0.5169291 4.4015747 0.7429133 0 P 0
L 4.4015747 0.5169291 4.6535433 0.5169291 0 P 0
L 4.4015747 0.7429133 4.6535433 0.7429133 0 P 0
L 4.4094487 2.5098425 4.4094487 2.5688976 0 P 0
L 4.4094487 2.5098425 4.527559 2.5098425 0 P 0
L 4.4094487 2.5688976 4.527559 2.5688976 0 P 0
L 4.449803 2.53937 4.4872046 2.53937 0 P 0
L 4.460315 1.6044488 4.460315 1.6635039 0 P 0
L 4.460315 1.6044488 4.5784253 1.6044488 0 P 0
L 4.460315 1.6635039 4.5784253 1.6635039 0 P 0
L 4.4685038 2.5206693 4.4685038 2.5580708 0 P 0
L 4.4881888 0.0836614 4.4881888 0.3809055 0 P 0
L 4.4973622 1.2057874 4.5367322 1.2057874 1 P 0
L 4.5006693 1.6339763 4.5380709 1.6339763 0 P 0
L 4.507874 0.6299212 4.547244 0.6299212 1 P 0
L 4.507874 2.0866142 4.547244 2.0866142 1 P 0
L 4.5170472 1.1861024 4.5170472 1.2254724 1 P 0
L 4.5193701 1.6152756 4.5193701 1.6526771 0 P 0
L 4.527559 0.6102362 4.527559 0.6496062 1 P 0
L 4.527559 2.0669292 4.527559 2.1062992 1 P 0
L 4.527559 2.5098425 4.527559 2.5688976 0 P 0
L 4.5784253 1.6044488 4.5784253 1.6635039 0 P 0
L 4.6535433 0.5169291 4.6535433 0.7429133 0 P 0
L 5.0182283 0.8219291 5.0182283 1.5896457 2 P 0
L 5.0287401 1.7027559 5.0287401 2.4704725 2 P 0
