#Layer_Color=16711935
#
#Feature symbol names
#
$0 r3.937
$1 rect37.6495x244.8819
$2 rect244.8819x37.6495

#
#Feature attribute names
#

#
#Layer features
#
A 1.6703541 0.4003937 1.6703541 0.4003937 1.6506691 0.4003937 0 P 0 N
A 2.4842519 1.2559053 2.4842519 1.2559053 2.4645669 1.2559053 0 P 0 N
A 2.607362 0.4003937 2.607362 0.4003937 2.587677 0.4003937 0 P 0 N
A 3.5246848 0.4003937 3.5246848 0.4003937 3.5049998 0.4003937 0 P 0 N
A 4.4685037 0.2755906 4.4685037 0.2755906 4.4488187 0.2755906 0 P 0 N
L 0.1043306 2.148622 0.1043306 2.2608267 0 P 0
L 0.1043306 2.148622 0.1712598 2.148622 0 P 0
L 0.1043306 2.2608267 0.1712598 2.2608267 0 P 0
L 0.1437008 0.8062992 0.1437008 1.0244094 0 P 0
L 0.1437008 0.8062992 0.3877952 0.8062992 0 P 0
L 0.1437008 1.0244094 0.3877952 1.0244094 0 P 0
L 0.1712598 2.148622 0.1712598 2.2608267 0 P 0
L 0.2045276 1.107874 0.2045276 1.3527559 0 P 0
L 0.2045276 1.107874 0.4844489 1.107874 0 P 0
L 0.2045276 1.3527559 0.4844489 1.3527559 0 P 0
L 0.2677166 0.4281497 0.2677166 0.4852363 0 P 0
L 0.2677166 0.4281497 0.3543308 0.4281497 0 P 0
L 0.2677166 0.4852363 0.3543308 0.4852363 0 P 0
L 0.3455512 2.0140551 0.3455512 2.1321653 0 P 0
L 0.3455512 2.0140551 0.4006693 2.0140551 0 P 0
L 0.3455512 2.1321653 0.4006693 2.1321653 0 P 0
L 0.3543308 0.4281497 0.3543308 0.4852363 0 P 0
L 0.3877952 0.8062992 0.3877952 1.0244094 0 P 0
L 0.3996062 1.6742126 0.3996062 1.7116141 0 P 0
L 0.3996062 1.6742126 0.4665353 1.6742126 0 P 0
L 0.3996062 1.7116141 0.4665353 1.7116141 0 P 0
L 0.4006693 2.0140551 0.4006693 2.1321653 0 P 0
L 0.418307 0.3946851 0.418307 0.4635827 0 P 0
L 0.418307 0.3946851 0.4557085 0.3946851 0 P 0
L 0.418307 0.4635827 0.4557085 0.4635827 0 P 0
L 0.4557085 0.3946851 0.4557085 0.4635827 0 P 0
L 0.4665353 1.6742126 0.4665353 1.7116141 0 P 0
L 0.4744095 2.0346457 0.4744095 2.1015748 0 P 0
L 0.4744095 2.0346457 0.511811 2.0346457 0 P 0
L 0.4744095 2.1015748 0.511811 2.1015748 0 P 0
L 0.4844489 1.107874 0.4844489 1.3527559 0 P 0
L 0.4877952 0.7261811 0.4877952 1.0061024 0 P 0
L 0.4877952 0.7261811 0.7326771 0.7261811 0 P 0
L 0.4877952 1.0061024 0.7326771 1.0061024 0 P 0
L 0.511811 2.0346457 0.511811 2.1015748 0 P 0
L 0.5646456 2.0194095 0.5646456 2.056811 0 P 0
L 0.5646456 2.0194095 0.6315747 2.0194095 0 P 0
L 0.5646456 2.056811 0.6315747 2.056811 0 P 0
L 0.6161023 1.4420079 0.6161023 1.7920079 0 P 0
L 0.6161023 1.4420079 1.0255511 1.4420079 0 P 0
L 0.6161023 1.7920079 1.0255511 1.7920079 0 P 0
L 0.6315747 2.0194095 0.6315747 2.056811 0 P 0
L 0.7096456 2.4852361 0.7096456 2.5541338 0 P 0
L 0.7096456 2.4852361 0.7470471 2.4852361 0 P 0
L 0.7096456 2.5541338 0.7470471 2.5541338 0 P 0
L 0.7326771 0.7261811 0.7326771 1.0061024 0 P 0
L 0.7470471 2.4852361 0.7470471 2.5541338 0 P 0
L 0.7785433 0.386811 0.7785433 0.4242125 0 P 0
L 0.7785433 0.386811 0.8474409 0.386811 0 P 0
L 0.7785433 0.4242125 0.8474409 0.4242125 0 P 0
L 0.7944882 1.9904724 0.7944882 2.1637008 0 P 0
L 0.7944882 1.9904724 0.8377952 1.9471654 0 P 0
L 0.7944882 2.1637008 0.8377953 2.2070079 0 P 0
L 0.7952756 0.7362204 0.7952756 0.9527559 0 P 0
L 0.7952756 0.7362204 1.0551181 0.7362204 0 P 0
L 0.7952756 0.9527559 0.8385826 0.9960629 0 P 0
L 0.8021259 1.1319684 0.8021259 1.2008661 0 P 0
L 0.8021259 1.1319684 0.8395274 1.1319684 0 P 0
L 0.8021259 1.2008661 0.8395274 1.2008661 0 P 0
L 0.8326772 0.5600393 0.8326772 0.5974408 0 P 0
L 0.8326772 0.5600393 0.8996063 0.5600393 0 P 0
L 0.8326772 0.5974408 0.8996063 0.5974408 0 P 0
L 0.8326772 0.6230314 0.8326772 0.6604329 0 P 0
L 0.8326772 0.6230314 0.8996063 0.6230314 0 P 0
L 0.8326772 0.6604329 0.8996063 0.6604329 0 P 0
L 0.8377952 1.9471654 1.0543307 1.9471654 0 P 0
L 0.8377953 2.2070079 1.0543307 2.2070079 0 P 0
L 0.8385826 0.9960629 1.011811 0.9960629 0 P 0
L 0.8395274 1.1319684 0.8395274 1.2008661 0 P 0
L 0.8474409 0.386811 0.8474409 0.4242125 0 P 0
L 0.8996063 0.5600393 0.8996063 0.5974408 0 P 0
L 0.8996063 0.6230314 0.8996063 0.6604329 0 P 0
L 0.9005511 1.1319684 0.9005511 1.2008661 0 P 0
L 0.9005511 1.1319684 0.9379526 1.1319684 0 P 0
L 0.9005511 1.2008661 0.9379526 1.2008661 0 P 0
L 0.927992 0.4232283 0.927992 0.4901574 0 P 0
L 0.927992 0.4232283 0.9653935 0.4232283 0 P 0
L 0.927992 0.4901574 0.9653935 0.4901574 0 P 0
L 0.9379526 1.1319684 0.9379526 1.2008661 0 P 0
L 0.9653935 0.4232283 0.9653935 0.4901574 0 P 0
L 1.0027953 0.4222441 1.0027953 0.4911418 0 P 0
L 1.0027953 0.4222441 1.0401968 0.4222441 0 P 0
L 1.0027953 0.4911418 1.0401968 0.4911418 0 P 0
L 1.011811 0.9960629 1.0551181 0.9527558 0 P 0
L 1.0255511 1.4420079 1.0255511 1.7920079 0 P 0
L 1.0401968 0.4222441 1.0401968 0.4911418 0 P 0
L 1.0543307 1.9471654 1.0543307 2.2070079 0 P 0
L 1.0551181 0.7362204 1.0551181 0.9527558 0 P 0
L 1.0875984 0.4232284 1.0875984 0.4901575 0 P 0
L 1.0875984 0.4232284 1.1249999 0.4232284 0 P 0
L 1.0875984 0.4901575 1.1249999 0.4901575 0 P 0
L 1.1249999 0.4232284 1.1249999 0.4901575 0 P 0
L 1.1644094 2.0646456 1.1644094 2.1315747 0 P 0
L 1.1644094 2.0646456 1.2018109 2.0646456 0 P 0
L 1.1644094 2.1315747 1.2018109 2.1315747 0 P 0
L 1.1646457 1.9263385 1.1646457 1.9952362 0 P 0
L 1.1646457 1.9263385 1.2020473 1.9263385 0 P 0
L 1.1646457 1.9952362 1.2020473 1.9952362 0 P 0
L 1.2018109 2.0646456 1.2018109 2.1315747 0 P 0
L 1.2020473 1.9263385 1.2020473 1.9952362 0 P 0
L 1.2286614 0.7576771 1.2286614 0.9309055 0 P 0
L 1.2286614 0.7576771 1.2719684 0.7143701 0 P 0
L 1.2286614 0.9309055 1.2719685 0.9742126 0 P 0
L 1.2305904 0.1248032 1.2305904 0.3688976 0 P 0
L 1.2305904 0.1248032 1.4487006 0.1248032 0 P 0
L 1.2305904 0.3688976 1.4487006 0.3688976 0 P 0
L 1.2494094 1.9246456 1.2494094 1.9915747 0 P 0
L 1.2494094 1.9246456 1.2868109 1.9246456 0 P 0
L 1.2494094 1.9915747 1.2868109 1.9915747 0 P 0
L 1.2719684 0.7143701 1.4885039 0.7143701 0 P 0
L 1.2719685 0.9742126 1.4885039 0.9742126 0 P 0
L 1.2755905 1.059055 1.2755905 1.3228345 0 P 0
L 1.2755905 1.059055 1.4212598 1.059055 0 P 0
L 1.2755905 1.3228345 1.4212598 1.3228345 0 P 0
L 1.2835432 0.3984252 1.2835432 0.4653544 0 P 0
L 1.2835432 0.3984252 1.3957479 0.3984252 0 P 0
L 1.2835432 0.4653544 1.3957479 0.4653544 0 P 0
L 1.2868109 1.9246456 1.2868109 1.9915747 0 P 0
L 1.322126 1.9243699 1.322126 1.9932676 0 P 0
L 1.322126 1.9243699 1.3595275 1.9243699 0 P 0
L 1.322126 1.9932676 1.3595275 1.9932676 0 P 0
L 1.3595275 1.9243699 1.3595275 1.9932676 0 P 0
L 1.3957479 0.3984252 1.3957479 0.4653544 0 P 0
L 1.4212598 1.059055 1.4212598 1.3228345 0 P 0
L 1.4487006 0.1248032 1.4487006 0.3688976 0 P 0
L 1.4764566 1.8227165 1.4764566 2.0861023 0 P 0
L 1.4764566 1.8227165 1.7109448 1.8227165 0 P 0
L 1.4764566 2.0861023 1.4892519 2.0861023 0 P 0
L 1.4885039 0.7143701 1.4885039 0.9742126 0 P 0
L 1.4892518 0.2783464 1.4892518 0.4358267 0 P 0
L 1.4892518 0.2783464 1.6861022 0.2783464 0 P 0
L 1.4892518 0.4358267 1.6861022 0.4358267 0 P 0
L 1.4892519 2.0861023 1.7109448 2.0861023 0 P 0
L 1.4941731 0.5401574 1.4941731 0.6070865 0 P 0
L 1.4941731 0.5401574 1.5315746 0.5401574 0 P 0
L 1.4941731 0.6070865 1.5315746 0.6070865 0 P 0
L 1.5315746 0.5401574 1.5315746 0.6070865 0 P 0
L 1.5462598 1.1171259 1.5462598 1.1860236 0 P 0
L 1.5462598 1.1171259 1.5836613 1.1171259 0 P 0
L 1.5462598 1.1860236 1.5836613 1.1860236 0 P 0
L 1.5501968 1.7037401 1.5501968 1.7411416 0 P 0
L 1.5501968 1.7037401 1.6190945 1.7037401 0 P 0
L 1.5501968 1.7411416 1.6190945 1.7411416 0 P 0
L 1.5738977 0.5470472 1.5738977 0.5844487 0 P 0
L 1.5738977 0.5470472 1.6408268 0.5470472 0 P 0
L 1.5738977 0.5844487 1.6408268 0.5844487 0 P 0
L 1.5836613 1.1171259 1.5836613 1.1860236 0 P 0
L 1.6190945 1.7037401 1.6190945 1.7411416 0 P 0
L 1.6408268 0.5470472 1.6408268 0.5844487 0 P 0
L 1.6545275 2.2332678 1.6545275 2.2706693 0 P 0
L 1.6545275 2.2332678 1.7234252 2.2332678 0 P 0
L 1.6545275 2.2706693 1.7234252 2.2706693 0 P 0
L 1.6861022 0.2783464 1.6861022 0.4358267 0 P 0
L 1.7109448 1.8227165 1.7109448 2.0861023 0 P 0
L 1.7234252 2.2332678 1.7234252 2.2706693 0 P 0
L 1.8316929 0.4222441 1.8316929 0.4911418 0 P 0
L 1.8316929 0.4222441 1.8690944 0.4222441 0 P 0
L 1.8316929 0.4911418 1.8690944 0.4911418 0 P 0
L 1.8690944 0.4222441 1.8690944 0.4911418 0 P 0
L 1.9143699 0.4232283 1.9143699 0.4901574 0 P 0
L 1.9143699 0.4232283 1.9517714 0.4232283 0 P 0
L 1.9143699 0.4901574 1.9517714 0.4901574 0 P 0
L 1.9143701 1.8946849 1.9143701 1.9635826 0 P 0
L 1.9143701 1.8946849 1.9517716 1.8946849 0 P 0
L 1.9143701 1.9635826 1.9517716 1.9635826 0 P 0
L 1.9488188 1.2204723 1.9488188 1.7716534 0 P 0
L 1.9488188 1.2204723 2.4999999 1.2204723 0 P 0
L 1.9488188 1.7716534 2.4999999 1.7716534 0 P 0
L 1.9517714 0.4232283 1.9517714 0.4901574 0 P 0
L 1.9517716 1.8946849 1.9517716 1.9635826 0 P 0
L 1.9630315 1.0966142 1.9630315 1.1340157 0 P 0
L 1.9630315 1.0966142 2.0319292 1.0966142 0 P 0
L 1.9630315 1.1340157 2.0319292 1.1340157 0 P 0
L 1.9970472 0.4232284 1.9970472 0.4901575 0 P 0
L 1.9970472 0.4232284 2.0344487 0.4232284 0 P 0
L 1.9970472 0.4901575 2.0344487 0.4901575 0 P 0
L 2.0098425 1.8858266 2.0098425 1.9645668 0 P 0
L 2.0098425 1.8858266 2.1082677 1.8858266 0 P 0
L 2.0098425 1.9645668 2.1082677 1.9645668 0 P 0
L 2.0319292 1.0966142 2.0319292 1.1340157 0 P 0
L 2.0344487 0.4232284 2.0344487 0.4901575 0 P 0
L 2.0757875 2.0403542 2.0757875 2.1092519 0 P 0
L 2.0757875 2.0403542 2.113189 2.0403542 0 P 0
L 2.0757875 2.1092519 2.113189 2.1092519 0 P 0
L 2.1082677 1.8858266 2.1082677 1.9645668 0 P 0
L 2.113189 2.0403542 2.113189 2.1092519 0 P 0
L 2.1636613 0.1248032 2.1636613 0.3688976 0 P 0
L 2.1636613 0.1248032 2.3817715 0.1248032 0 P 0
L 2.1636613 0.3688976 2.3817715 0.3688976 0 P 0
L 2.168307 1.019685 2.168307 1.1062992 0 P 0
L 2.168307 1.019685 2.2253936 1.019685 0 P 0
L 2.168307 1.1062992 2.2253936 1.1062992 0 P 0
L 2.1683071 1.8907479 2.1683071 1.9596456 0 P 0
L 2.1683071 1.8907479 2.2057086 1.8907479 0 P 0
L 2.1683071 1.9596456 2.2057086 1.9596456 0 P 0
L 2.2057086 1.8907479 2.2057086 1.9596456 0 P 0
L 2.2166141 0.3984252 2.2166141 0.4653544 0 P 0
L 2.2166141 0.3984252 2.3288188 0.3984252 0 P 0
L 2.2166141 0.4653544 2.3288188 0.4653544 0 P 0
L 2.2253936 1.019685 2.2253936 1.1062992 0 P 0
L 2.2431104 1.8887794 2.2431104 1.9576771 0 P 0
L 2.2431104 1.8887794 2.2805119 1.8887794 0 P 0
L 2.2431104 1.9576771 2.2805119 1.9576771 0 P 0
L 2.2746062 1.019685 2.2746062 1.1062992 0 P 0
L 2.2746062 1.019685 2.3316928 1.019685 0 P 0
L 2.2746062 1.1062992 2.3316928 1.1062992 0 P 0
L 2.2805119 1.8887794 2.2805119 1.9576771 0 P 0
L 2.3094095 1.8886614 2.3094095 1.9575591 0 P 0
L 2.3094095 1.8886614 2.346811 1.8886614 0 P 0
L 2.3094095 1.9575591 2.346811 1.9575591 0 P 0
L 2.3288188 0.3984252 2.3288188 0.4653544 0 P 0
L 2.3316928 1.019685 2.3316928 1.1062992 0 P 0
L 2.346811 1.8886614 2.346811 1.9575591 0 P 0
L 2.3750001 1.8907479 2.3750001 1.9596456 0 P 0
L 2.3750001 1.8907479 2.4124016 1.8907479 0 P 0
L 2.3750001 1.9596456 2.4124016 1.9596456 0 P 0
L 2.3817715 0.1248032 2.3817715 0.3688976 0 P 0
L 2.4124016 1.8907479 2.4124016 1.9596456 0 P 0
L 2.4139369 1.0286613 2.4139369 1.097559 0 P 0
L 2.4139369 1.0286613 2.4513384 1.0286613 0 P 0
L 2.4139369 1.097559 2.4513384 1.097559 0 P 0
L 2.4262597 0.2783464 2.4262597 0.4358267 0 P 0
L 2.4262597 0.2783464 2.6231101 0.2783464 0 P 0
L 2.4262597 0.4358267 2.6231101 0.4358267 0 P 0
L 2.431181 0.5401574 2.431181 0.6070865 0 P 0
L 2.431181 0.5401574 2.4685825 0.5401574 0 P 0
L 2.431181 0.6070865 2.4685825 0.6070865 0 P 0
L 2.4455512 1.8848032 2.4455512 1.9714173 0 P 0
L 2.4455512 1.8848032 2.5006693 1.8848032 0 P 0
L 2.4455512 1.9714173 2.5006693 1.9714173 0 P 0
L 2.4513384 1.0286613 2.4513384 1.097559 0 P 0
L 2.4685825 0.5401574 2.4685825 0.6070865 0 P 0
L 2.4999999 1.2204723 2.4999999 1.7716534 0 P 0
L 2.5006693 1.8848032 2.5006693 1.9714173 0 P 0
L 2.5109055 0.5470472 2.5109055 0.5844487 0 P 0
L 2.5109055 0.5470472 2.5778346 0.5470472 0 P 0
L 2.5109055 0.5844487 2.5778346 0.5844487 0 P 0
L 2.5355512 1.8848032 2.5355512 1.9714173 0 P 0
L 2.5355512 1.8848032 2.5906693 1.8848032 0 P 0
L 2.5355512 1.9714173 2.5906693 1.9714173 0 P 0
L 2.5778346 0.5470472 2.5778346 0.5844487 0 P 0
L 2.5906693 1.8848032 2.5906693 1.9714173 0 P 0
L 2.6161417 1.543307 2.6161417 1.5984251 0 P 0
L 2.6161417 1.543307 2.7027558 1.543307 0 P 0
L 2.6161417 1.5984251 2.7027558 1.5984251 0 P 0
L 2.6231101 0.2783464 2.6231101 0.4358267 0 P 0
L 2.6587795 1.739055 2.6587795 1.8561811 0 P 0
L 2.6587795 1.739055 2.704055 1.6937795 0 P 0
L 2.6587795 1.8561811 2.7050393 1.9024409 0 P 0
L 2.7027558 1.543307 2.7027558 1.5984251 0 P 0
L 2.704055 1.6937795 2.8674409 1.6937795 0 P 0
L 2.7050393 1.9024409 2.8674409 1.9024409 0 P 0
L 2.7411416 0.4183071 2.7411416 0.4872048 0 P 0
L 2.7411416 0.4183071 2.7785431 0.4183071 0 P 0
L 2.7411416 0.4872048 2.7785431 0.4872048 0 P 0
L 2.7785431 0.4183071 2.7785431 0.4872048 0 P 0
L 2.7883858 1.437992 2.7883858 1.5068897 0 P 0
L 2.7883858 1.437992 2.8257873 1.437992 0 P 0
L 2.7883858 1.5068897 2.8257873 1.5068897 0 P 0
L 2.8159447 0.4192913 2.8159447 0.4862204 0 P 0
L 2.8159447 0.4192913 2.8533462 0.4192913 0 P 0
L 2.8159447 0.4862204 2.8533462 0.4862204 0 P 0
L 2.824803 1.3100391 2.824803 1.3946848 0 P 0
L 2.824803 1.3100391 2.8799211 1.3100391 0 P 0
L 2.824803 1.3946848 2.8799211 1.3946848 0 P 0
L 2.8257873 1.437992 2.8257873 1.5068897 0 P 0
L 2.8533462 0.4192913 2.8533462 0.4862204 0 P 0
L 2.8674409 1.6937795 2.8674409 1.9024409 0 P 0
L 2.8799211 1.3100391 2.8799211 1.3946848 0 P 0
L 2.8946849 0.4192914 2.8946849 0.4862205 0 P 0
L 2.8946849 0.4192914 2.9320864 0.4192914 0 P 0
L 2.8946849 0.4862205 2.9320864 0.4862205 0 P 0
L 2.9320864 0.4192914 2.9320864 0.4862205 0 P 0
L 3.0570866 1.5561023 3.0570866 1.5935038 0 P 0
L 3.0570866 1.5561023 3.1240157 1.5561023 0 P 0
L 3.0570866 1.5935038 3.1240157 1.5935038 0 P 0
L 3.0866141 0.9183071 3.0866141 1.0305118 0 P 0
L 3.0866141 0.9183071 3.1535433 0.9183071 0 P 0
L 3.0866141 1.0305118 3.1535433 1.0305118 0 P 0
L 3.0888581 0.1248032 3.0888581 0.3688976 0 P 0
L 3.0888581 0.1248032 3.3069683 0.1248032 0 P 0
L 3.0888581 0.3688976 3.3069683 0.3688976 0 P 0
L 3.1240157 1.5561023 3.1240157 1.5935038 0 P 0
L 3.1418109 0.3984252 3.1418109 0.4653544 0 P 0
L 3.1418109 0.3984252 3.2540156 0.3984252 0 P 0
L 3.1418109 0.4653544 3.2540156 0.4653544 0 P 0
L 3.1535433 0.9183071 3.1535433 1.0305118 0 P 0
L 3.2047243 0.6574804 3.2047243 1.2874016 0 P 0
L 3.2047243 0.6574804 4.070866 0.6574804 0 P 0
L 3.2047243 1.2874016 4.070866 1.2874016 0 P 0
L 3.2540156 0.3984252 3.2540156 0.4653544 0 P 0
L 3.3069683 0.1248032 3.3069683 0.3688976 0 P 0
L 3.3435825 0.2783464 3.3435825 0.4358267 0 P 0
L 3.3435825 0.2783464 3.5404329 0.2783464 0 P 0
L 3.3435825 0.4358267 3.5404329 0.4358267 0 P 0
L 3.3485038 0.5401574 3.3485038 0.6070865 0 P 0
L 3.3485038 0.5401574 3.3859053 0.5401574 0 P 0
L 3.3485038 0.6070865 3.3859053 0.6070865 0 P 0
L 3.3859053 0.5401574 3.3859053 0.6070865 0 P 0
L 3.4282284 0.5470472 3.4282284 0.5844487 0 P 0
L 3.4282284 0.5470472 3.4951575 0.5470472 0 P 0
L 3.4282284 0.5844487 3.4951575 0.5844487 0 P 0
L 3.4951575 0.5470472 3.4951575 0.5844487 0 P 0
L 3.5404329 0.2783464 3.5404329 0.4358267 0 P 0
L 3.5836614 2.4064959 3.5836614 2.4753936 0 P 0
L 3.5836614 2.4064959 3.6210629 2.4064959 0 P 0
L 3.5836614 2.4753936 3.6210629 2.4753936 0 P 0
L 3.6210629 2.4064959 3.6210629 2.4753936 0 P 0
L 3.6398426 0.4222441 3.6398426 0.4911418 0 P 0
L 3.6398426 0.4222441 3.6772441 0.4222441 0 P 0
L 3.6398426 0.4911418 3.6772441 0.4911418 0 P 0
L 3.6772441 0.4222441 3.6772441 0.4911418 0 P 0
L 3.7185825 0.4232283 3.7185825 0.4901574 0 P 0
L 3.7185825 0.4232283 3.755984 0.4232283 0 P 0
L 3.7185825 0.4901574 3.755984 0.4901574 0 P 0
L 3.755984 0.4232283 3.755984 0.4901574 0 P 0
L 3.7933858 0.4232284 3.7933858 0.4901575 0 P 0
L 3.7933858 0.4232284 3.8307873 0.4232284 0 P 0
L 3.7933858 0.4901575 3.8307873 0.4901575 0 P 0
L 3.8307873 0.4232284 3.8307873 0.4901575 0 P 0
L 3.8631889 2.4074802 3.8631889 2.4744093 0 P 0
L 3.8631889 2.4074802 3.9005904 2.4074802 0 P 0
L 3.8631889 2.4744093 3.9005904 2.4744093 0 P 0
L 3.9005904 2.4074802 3.9005904 2.4744093 0 P 0
L 4.021929 0.1248032 4.021929 0.3688976 0 P 0
L 4.021929 0.1248032 4.2400392 0.1248032 0 P 0
L 4.021929 0.3688976 4.2400392 0.3688976 0 P 0
L 4.0320079 0.3996456 4.0320079 0.4665748 0 P 0
L 4.0320079 0.3996456 4.1442126 0.3996456 0 P 0
L 4.0320079 0.4665748 4.1442126 0.4665748 0 P 0
L 4.0688976 0.5718504 4.0688976 0.6092519 0 P 0
L 4.0688976 0.5718504 4.1358267 0.5718504 0 P 0
L 4.0688976 0.6092519 4.1358267 0.6092519 0 P 0
L 4.0688977 0.5088582 4.0688977 0.5462597 0 P 0
L 4.0688977 0.5088582 4.1358268 0.5088582 0 P 0
L 4.0688977 0.5462597 4.1358268 0.5462597 0 P 0
L 4.070866 0.6574804 4.070866 1.2874016 0 P 0
L 4.1358267 0.5718504 4.1358267 0.6092519 0 P 0
L 4.1358268 0.5088582 4.1358268 0.5462597 0 P 0
L 4.1442126 0.3996456 4.1442126 0.4665748 0 P 0
L 4.1446851 2.21063 4.1446851 2.2775591 0 P 0
L 4.1446851 2.21063 4.1820866 2.21063 0 P 0
L 4.1446851 2.2775591 4.1820866 2.2775591 0 P 0
L 4.1450394 2.3514174 4.1450394 2.4183465 0 P 0
L 4.1450394 2.3514174 4.1824409 2.3514174 0 P 0
L 4.1450394 2.4183465 4.1824409 2.4183465 0 P 0
L 4.1459844 1.3298032 4.1459844 1.3967323 0 P 0
L 4.1459844 1.3298032 4.1833859 1.3298032 0 P 0
L 4.1459844 1.3967323 4.1833859 1.3967323 0 P 0
L 4.1463387 1.4694489 4.1463387 1.536378 0 P 0
L 4.1463387 1.4694489 4.1837402 1.4694489 0 P 0
L 4.1463387 1.536378 4.1837402 1.536378 0 P 0
L 4.1820866 2.21063 4.1820866 2.2775591 0 P 0
L 4.1824409 2.3514174 4.1824409 2.4183465 0 P 0
L 4.1833859 1.3298032 4.1833859 1.3967323 0 P 0
L 4.1837402 1.4694489 4.1837402 1.536378 0 P 0
L 4.2400392 0.1248032 4.2400392 0.3688976 0 P 0
L 4.2874014 0.1535433 4.2874014 0.3110236 0 P 0
L 4.2874014 0.1535433 4.4842518 0.1535433 0 P 0
L 4.2874014 0.3110236 4.4842518 0.3110236 0 P 0
L 4.4055118 0.5208661 4.4055118 0.7389763 0 P 0
L 4.4055118 0.5208661 4.6496062 0.5208661 0 P 0
L 4.4055118 0.7389763 4.6496062 0.7389763 0 P 0
L 4.434055 2.5206693 4.434055 2.5580708 0 P 0
L 4.434055 2.5206693 4.5029527 2.5206693 0 P 0
L 4.434055 2.5580708 4.5029527 2.5580708 0 P 0
L 4.4842518 0.1535433 4.4842518 0.3110236 0 P 0
L 4.4849213 1.6152756 4.4849213 1.6526771 0 P 0
L 4.4849213 1.6152756 4.553819 1.6152756 0 P 0
L 4.4849213 1.6526771 4.553819 1.6526771 0 P 0
L 4.5029527 2.5206693 4.5029527 2.5580708 0 P 0
L 4.553819 1.6152756 4.553819 1.6526771 0 P 0
L 4.6496062 0.5208661 4.6496062 0.7389763 0 P 0
P 0.4656241 1.2303149 1 P 0 0
P 0.6102362 0.9872776 2 P 0 0
